---------- RESULTADOS ----------


*** SUBSISTEMA 1 ***

Abertura angular theta (°):
   -0.0000
   -9.2265
  -15.7710
  -25.3559

Modulo da tensao (pu):
    1.0000
    0.9635
    0.9528
    0.9800


*** SUBSISTEMA 2 ***

Potencia ativa (pu):

P_calc_final =

    0.2901
   -0.0500
   -0.0800
   -0.1500

Potencia reativa (pu):

Q_calc_final =

    0.0315
   -0.0200
   -0.0500
    0.0451

Perdas de potencia ativa (pu):

perdas_P =

   (1,2)      -0.0026
   (1,3)      -0.0037
   (2,3)      -0.0012
   (3,4)      -0.0027

Perdas de potencia reativa (pu):

perdas_Q =

   (1,2)      -0.0453
   (1,3)      -0.0748
   (2,3)      -0.0303
   (3,4)      -0.0452

>> 

---------- RESULTADOS ----------


*** SUBSISTEMA 1 ***

Abertura angular theta (°):
   -0.0000
   -4.9825
  -12.7247
  -10.3134
   -8.7743
  -14.2224
  -13.3607
  -13.3607
  -14.9394
  -15.0982
  -14.7917
  -15.0770
  -15.1576
  -16.0348

Modulo da tensao (pu):
    1.0600
    1.0450
    1.0100
    1.0177
    1.0195
    1.0700
    1.0614
    1.0900
    1.0558
    1.0509
    1.0569
    1.0552
    1.0504
    1.0355


*** SUBSISTEMA 2 ***

Potencia ativa (pu):

P_calc_final =

    2.3239
    0.1830
   -0.9420
   -0.4780
   -0.0760
   -0.1120
    0.0000
   -0.0000
   -0.2950
   -0.0900
   -0.0350
   -0.0610
   -0.1350
   -0.1490

Potencia reativa (pu):

Q_calc_final =

   -0.1656
    0.3081
    0.0605
    0.0390
   -0.0160
    0.0524
    0.0000
    0.1772
   -0.1660
   -0.0580
   -0.0180
   -0.0160
   -0.0580
   -0.0500

Perdas de potencia ativa (pu):

perdas_P =

   (1,2)      -0.0430
   (2,3)      -0.0232
   (2,4)      -0.0168
   (3,4)      -0.0037
   (1,5)      -0.0276
   (2,5)      -0.0090
   (4,5)      -0.0051
   (4,7)       0.0000
   (9,10)     -0.0001
   (6,11)     -0.0006
  (10,11)     -0.0001
   (6,12)     -0.0007
   (6,13)     -0.0021
  (12,13)     -0.0001
   (9,14)     -0.0012
  (13,14)     -0.0005

Perdas de potencia reativa (pu):

perdas_Q =

   (1,2)      -0.1897
   (2,3)      -0.1441
   (2,4)      -0.0870
   (3,4)      -0.0227
   (1,5)      -0.1673
   (2,5)      -0.0645
   (4,5)      -0.0162
   (5,6)      -0.7851
   (4,7)      -0.2624
   (7,8)      -0.0047
   (4,9)      -0.1480
   (7,9)      -0.0080
   (9,10)     -0.0003
   (6,11)     -0.0012
  (10,11)     -0.0003
   (6,12)     -0.0015
   (6,13)     -0.0042
  (12,13)     -0.0001
   (9,14)     -0.0025
  (13,14)     -0.0011

>> 

---------- RESULTADOS ----------


*** SUBSISTEMA 1 ***

Abertura angular theta (°):
   -6.5153
   -6.6072
   -5.6587
   -9.2210
   -9.4638
  -13.0455
   -5.5839
  -10.0805
   -7.2543
   -9.4532
   -2.6297
   -1.8325
    0.0000
    1.5340
   10.1060
    9.6125
   15.3827
   17.2439
    7.6082
    8.6844
   19.7239
   24.5160
   10.6978
    4.1534

Modulo da tensao (pu):
    1.0400
    1.0400
    0.9881
    1.0101
    1.0803
    1.2382
    0.9900
    1.0028
    1.0156
    1.1463
    1.0343
    1.0519
    1.0400
    0.9950
    1.0060
    1.0100
    1.0217
    1.0250
    1.0550
    1.0475
    1.0300
    1.0500
    1.0500
    0.9872


*** SUBSISTEMA 2 ***

Potencia ativa (pu):

P_calc_final =

    0.6400
    0.7500
   -1.8000
   -0.7400
   -0.7100
   -1.3600
    1.1500
   -1.7100
   -1.7500
   -1.9500
   -0.0000
   -0.0000
   -0.5633
   -1.9400
   -1.0200
    0.5500
    0.0000
    0.6700
   -1.8100
   -1.2800
    4.0000
    3.0000
    6.6000
   -0.0000

Potencia reativa (pu):

Q_calc_final =

   -0.9644
   -1.5721
   -0.3650
   -0.1500
   -0.1450
   -0.2780
   -0.4705
   -0.3470
   -0.3530
   -0.3940
    0.0000
    0.0000
   -0.3448
   -0.9187
   -0.0787
   -1.6149
    0.0000
   -0.0550
    2.3771
   -0.2600
   -0.0401
   -0.0084
   -0.5745
    0.0000

Perdas de potencia ativa (pu):

perdas_P =

   (1,2)      -0.0000
   (1,3)      -0.0034
   (2,4)      -0.0059
   (1,5)      -0.0132
   (2,6)      -0.0702
   (7,8)      -0.0248
   (3,9)      -0.0031
   (4,9)      -0.0029
   (8,9)      -0.0039
   (5,10)     -0.0119
   (6,10)     -0.0506
   (8,10)     -0.0304
   (9,11)     -0.0023
  (10,11)     -0.0096
   (9,12)     -0.0036
  (10,12)     -0.0099
  (11,13)     -0.0061
  (12,13)     -0.0033
  (11,14)     -0.0212
  (14,16)     -0.0656
  (15,16)     -0.0007
  (16,17)     -0.0513
  (17,18)     -0.0101
  (16,19)     -0.0184
  (19,20)     -0.0014
  (15,21)     -0.0767
  (18,21)     -0.0097
  (17,22)     -0.0335
  (21,22)     -0.0148
  (12,23)     -0.0688
  (13,23)     -0.0551
  (20,23)     -0.0081
   (3,24)     -0.0093
  (15,24)     -0.0271

Perdas de potencia reativa (pu):

perdas_Q =

   (1,2)      -0.9976
   (1,3)      -0.1307
   (2,4)      -0.0949
   (1,5)      -0.1025
   (2,6)      -0.4070
   (7,8)      -0.1287
   (3,9)      -0.0768
   (4,9)      -0.0689
   (8,9)      -0.1061
   (5,10)     -0.1055
   (6,10)     -7.2211
   (8,10)     -0.2213
   (9,11)     -0.0856
  (10,11)     -0.3492
   (9,12)     -0.1295
  (10,12)     -0.3597
  (11,13)     -0.2624
  (12,13)     -0.2446
  (11,14)     -0.3453
  (14,16)     -0.6745
  (15,16)     -0.0792
  (16,17)     -0.5150
  (17,18)     -0.1419
  (16,19)     -0.2452
  (19,20)     -0.1945
  (15,21)     -0.8099
  (18,21)     -0.1912
  (17,22)     -0.7360
  (21,22)     -0.4236
  (12,23)     -0.9843
  (13,23)     -0.8305
  (20,23)     -0.1622
   (3,24)     -0.3399
  (15,24)     -0.4262

>> 

---------- RESULTADOS ----------


*** SUBSISTEMA 1 ***

Abertura angular theta (°):
   -6.1751
   -6.2777
   -4.9473
   -8.9168
   -9.1897
  -12.8079
   -5.3398
   -9.8360
   -6.9702
   -9.2419
   -2.3710
   -1.7847
    0.0000
    2.0446
   11.5511
   10.3722
   15.0441
   16.4919
    8.5607
    9.2591
   17.3255
   22.9204
   10.3618
    5.3268

Modulo da tensao (pu):
    1.0400
    1.0400
    0.9874
    1.0100
    1.0803
    1.2382
    0.9900
    1.0028
    1.0154
    1.1464
    1.0343
    1.0525
    1.0400
    0.9950
    1.0060
    1.0100
    1.0227
    1.0250
    1.0550
    1.0507
    1.0300
    1.0500
    1.0500
    0.9858


*** SUBSISTEMA 2 ***

Potencia ativa (pu):

P_calc_final =

    0.6400
    0.7500
   -1.8000
   -0.7400
   -0.7100
   -1.3600
    1.1500
   -1.7100
   -1.7500
   -1.9500
   -0.0000
   -0.0000
   -0.6142
   -1.9400
   -1.0200
    0.5500
    0.0000
    0.6700
   -1.8100
   -1.2800
    4.0000
    3.0000
    6.6000
   -0.0000

Potencia reativa (pu):

Q_calc_final =

   -0.9588
   -1.5708
   -0.3650
   -0.1500
   -0.1450
   -0.2780
   -0.4699
   -0.3470
   -0.3530
   -0.3940
    0.0000
    0.0000
   -0.3679
   -0.8923
   -0.7103
   -1.7012
    0.0000
   -0.4261
    2.3092
   -0.2600
    0.4035
   -0.0309
   -0.8610
    0.0000

Perdas de potencia ativa (pu):

perdas_P =

   (1,2)      -0.0000
   (1,3)      -0.0037
   (2,4)      -0.0060
   (1,5)      -0.0136
   (2,6)      -0.0708
   (7,8)      -0.0248
   (3,9)      -0.0041
   (4,9)      -0.0028
   (8,9)      -0.0040
   (5,10)     -0.0120
   (6,10)     -0.0503
   (8,10)     -0.0305
   (9,11)     -0.0023
  (10,11)     -0.0097
   (9,12)     -0.0033
  (10,12)     -0.0095
  (11,13)     -0.0050
  (12,13)     -0.0032
  (11,14)     -0.0233
  (14,16)     -0.0696
  (15,16)     -0.0032
  (16,17)     -0.0340
  (17,18)     -0.0061
  (16,19)     -0.0171
  (19,20)     -0.0012
  (15,21)     -0.0573
  (18,21)     -0.0024
  (17,22)     -0.0252
  (21,22)     -0.0199
  (12,23)     -0.0647
  (13,23)     -0.0517
  (20,23)     -0.0048
   (3,24)     -0.0102
  (15,24)     -0.0296

Perdas de potencia reativa (pu):

perdas_Q =

   (1,2)      -0.9977
   (1,3)      -0.1320
   (2,4)      -0.0952
   (1,5)      -0.1041
   (2,6)      -0.4094
   (7,8)      -0.1287
   (3,9)      -0.0806
   (4,9)      -0.0686
   (8,9)      -0.1064
   (5,10)     -0.1056
   (6,10)     -7.2206
   (8,10)     -0.2215
   (9,11)     -0.0848
  (10,11)     -0.3525
   (9,12)     -0.1206
  (10,12)     -0.3480
  (11,13)     -0.2537
  (12,13)     -0.2439
  (11,14)     -0.3610
  (14,16)     -0.7060
  (15,16)     -0.0994
  (16,17)     -0.3795
  (17,18)     -0.1109
  (16,19)     -0.2350
  (19,20)     -0.1931
  (15,21)     -0.6589
  (18,21)     -0.1340
  (17,22)     -0.6711
  (21,22)     -0.4634
  (12,23)     -0.9527
  (13,23)     -0.8039
  (20,23)     -0.1376
   (3,24)     -0.3718
  (15,24)     -0.4456

>> 

---------- RESULTADOS ----------


*** SUBSISTEMA 1 ***

Abertura angular theta (°):
    0.0246
    0.1644
    0.2779
    0.3947
    0.2328
   -0.1711
   -0.1060
   -0.2344
   -0.3453
   -0.3321
   -0.3109
   -0.4751
   -0.6181
   -0.6868
   -0.7292
   -0.8709
   -0.8885
    0.0072
   -0.1009
   -0.1322
   -0.1652
    0.1136
   -0.0334
   -0.1063
    0.3020
    0.4007
    0.5456
    0.6841
    0.8743
    0.7210
    0.6790
    0.6648
   -0.0000

Modulo da tensao (pu):
    0.9950
    0.9714
    0.9588
    0.9462
    0.9150
    0.9091
    0.9008
    0.8901
    0.8802
    0.8787
    0.8762
    0.8657
    0.8618
    0.8594
    0.8571
    0.8536
    0.8525
    0.9942
    0.9884
    0.9873
    0.9863
    0.9656
    0.9547
    0.9492
    0.9117
    0.9073
    0.8878
    0.8738
    0.8677
    0.8606
    0.8590
    0.8585
    1.0000


*** SUBSISTEMA 2 ***

Potencia ativa (pu):

P_calc_final =

   -0.0010
   -0.0009
   -0.0012
   -0.0006
   -0.0006
   -0.0020
   -0.0020
   -0.0006
   -0.0006
   -0.0004
   -0.0006
   -0.0006
   -0.0012
   -0.0006
   -0.0006
   -0.0006
   -0.0009
   -0.0009
   -0.0009
   -0.0009
   -0.0009
   -0.0009
   -0.0042
   -0.0042
   -0.0006
   -0.0006
   -0.0006
   -0.0012
   -0.0020
   -0.0015
   -0.0021
   -0.0006
    0.0408

Potencia reativa (pu):

Q_calc_final =

   -0.0006
   -0.0004
   -0.0008
   -0.0003
   -0.0002
   -0.0010
   -0.0010
   -0.0002
   -0.0002
   -0.0003
   -0.0003
   -0.0003
   -0.0008
   -0.0001
   -0.0002
   -0.0002
   -0.0004
   -0.0004
   -0.0004
   -0.0004
   -0.0004
   -0.0005
   -0.0020
   -0.0020
   -0.0003
   -0.0002
   -0.0002
   -0.0007
   -0.0060
   -0.0007
   -0.0010
   -0.0004
    0.0254

Perdas de potencia ativa (pu):

perdas_P =

   1.0e-03 *

  (33,1)      -0.2127
   (1,2)      -0.9078
   (2,3)      -0.3559
   (3,4)      -0.3357
   (4,5)      -0.6878
   (5,6)      -0.0342
   (6,7)      -0.0870
   (7,8)      -0.0758
   (8,9)      -0.0647
   (9,10)     -0.0101
  (10,11)     -0.0161
  (11,12)     -0.0487
  (12,13)     -0.0133
  (13,14)     -0.0065
  (14,15)     -0.0052
  (15,16)     -0.0046
  (16,17)     -0.0010
   (1,18)     -0.0026
  (18,19)     -0.0135
  (19,20)     -0.0016
  (20,21)     -0.0007
   (2,22)     -0.0530
  (22,23)     -0.0858
  (23,24)     -0.0215
   (5,25)     -0.0470
  (25,26)     -0.0603
  (26,27)     -0.2049
  (27,28)     -0.1422
  (28,29)     -0.0708
  (29,30)     -0.0291
  (30,31)     -0.0039
  (31,32)     -0.0002

Perdas de potencia reativa (pu):

perdas_Q =

   1.0e-03 *

  (33,1)      -0.1084
   (1,2)      -0.4624
   (2,3)      -0.1812
   (3,4)      -0.1710
   (4,5)      -0.5937
   (5,6)      -0.1131
   (6,7)      -0.0288
   (7,8)      -0.0544
   (8,9)      -0.0459
   (9,10)     -0.0033
  (10,11)     -0.0053
  (11,12)     -0.0383
  (12,13)     -0.0176
  (13,14)     -0.0058
  (14,15)     -0.0038
  (15,16)     -0.0062
  (16,17)     -0.0008
   (1,18)     -0.0025
  (18,19)     -0.0121
  (19,20)     -0.0019
  (20,21)     -0.0009
   (2,22)     -0.0362
  (22,23)     -0.0677
  (23,24)     -0.0168
   (5,25)     -0.0239
  (25,26)     -0.0307
  (26,27)     -0.1807
  (27,28)     -0.1239
  (28,29)     -0.0361
  (29,30)     -0.0287
  (30,31)     -0.0045
  (31,32)     -0.0004

>> 

---------- RESULTADOS ----------


*** SUBSISTEMA 1 ***

Abertura angular theta (°):
  -24.3234
  -26.4900
  -24.0000
  -22.5087
  -56.7286
  -20.0294
  -27.0716
  -43.3652
  -43.3652
  -28.6626
  -36.6426
  -43.4831
  -43.8229
  -52.4690
  -53.3636
  -41.7338
  -42.2945
  -46.6559
  -44.0956
  -27.4866
  -26.5750
  -33.3961
  -44.6488
  -54.4909
  -27.6285
  -28.9265
  -27.9545
  -32.3893
  -40.3257
  -39.1727
  -31.9620
  -34.7289
  -40.9065
  -46.9861
  -36.3966
  -39.2699
  -19.0131
  -19.4908
  -18.3496
  -24.3870
  -22.2682
  -24.1222
  -23.7948
  -26.0661
  -22.5225
  -25.5213
  -25.8943
  -21.6876
  -26.1500
  -28.9531
   -6.4195
    5.2498
   -2.6832
  -36.3029
  -16.6157
  -28.6499
   -4.9721
   -8.1990
   -4.0344
   -9.7339
  -35.7291
   -2.6231
   -1.2308
   -0.3527
  -14.4913
  -12.3257
    7.5495
    1.1257
  -17.0130
  -17.2505
  -37.9753
  -40.6264
  -23.3456
  -35.4163
  -38.0756
  -31.1007
  -33.7294
  -33.9553
  -18.9079
  -40.4562
  -20.2464
    0.7149
   -6.7375
  -36.8995
  -50.2162
  -54.3005
   -5.2206
  -56.6049
  -61.3221
  -63.4008
  -55.7741
  -67.4626
  -67.4626
  -67.7819
  -66.6374
  -74.1162
  -82.2308
  -79.3552
  -85.0014
  -61.7568
  -62.9251
  -66.1637
  -68.8754
  -69.1012
  -72.8124
  -74.0968
  -72.4045

Modulo da tensao (pu):
    1.0000
    1.0000
    1.0200
    1.0100
    1.0000
    1.0000
    1.0000
    1.0000
    1.0259
    1.0507
    1.0590
    1.0475
    1.0583
    1.0466
    1.0350
    1.0319
    1.0515
    1.0224
    1.0294
    1.0209
    1.0204
    1.0219
    1.0251
    1.0083
    1.0439
    1.0383
    1.0313
    1.0407
    1.0138
    1.0172
    1.0292
    1.0979
    1.0046
    1.1003
    1.0297
    1.0164
    1.0200
    1.0100
    1.0200
    1.0200
    1.0000
    1.0455
    1.0419
    1.0251
    1.0437
    1.0474
    1.0181
    1.0200
    1.0333
    1.0212
    1.0200
    1.0200
    1.0200
    1.0422
    0.9995
    0.9820
    0.9621
    0.9483
    0.9579
    1.0064
    1.0105
    0.9817
    0.9950
    0.9719
    1.0200
    1.0200
    1.0000
    1.0200
    0.9996
    1.0022
    0.9977
    1.0345
    1.0271
    0.9975
    0.9796
    1.0053
    1.0291
    0.9791
    1.0282
    1.0147
    1.0286
    0.9768
    1.0072
    0.9493
    1.0466
    1.0115
    0.9640
    1.0918
    1.0605
    1.0685
    1.0100
    1.0200
    1.0531
    1.0224
    1.0336
    1.0177
    1.0248
    1.0211
    1.0317
    1.0223
    1.0000
    1.0527
    1.0107
    1.0000
    1.0299
    1.0316
    1.0547


*** SUBSISTEMA 2 ***

Potencia ativa (pu):

P_calc_final =

    3.0000
    8.0000
   10.1074
    9.0000
    1.4000
    1.5000
    2.0000
    0.0000
   -0.6600
   -0.0000
   -0.0000
   -0.0000
   -0.0000
   -9.1000
   -0.0000
   -1.8000
   -2.0000
   -4.5000
   -2.9000
   -0.0000
   -0.0000
   -0.5400
   -0.7200
   -7.0000
   -0.0000
   -0.9300
   -0.5300
   -3.6400
   -6.0000
   -0.0000
   -0.0000
   -0.0000
   -0.8600
   -0.8970
   -0.0000
  -10.0000
    7.0000
    3.0000
    4.0000
    2.0000
    3.0000
    0.0000
   -0.0000
   -2.7400
   -0.0000
    0.0000
   -0.0000
    8.0000
   -0.0000
   -7.0000
   11.0000
   11.5000
   12.0000
   -7.3540
   -0.0000
   -0.1340
   -0.0000
   -1.5900
   -0.9400
   -0.0000
   -0.0000
   -0.0000
   -0.0000
   -0.0000
    7.0000
    7.0000
    7.0000
    9.5000
   -0.0000
   -2.3700
   -0.0000
  -11.4900
   -0.0000
   -0.0000
   -8.4470
   -0.0000
   -7.5560
   -0.0000
   -0.0000
   -0.7000
   -0.0000
   -0.0000
   -0.0000
  -12.2800
   -0.0000
   -1.4500
   -4.0300
   -0.3140
    0.0000
    0.0000
    0.5000
   -0.0000
    0.0000
   -0.7540
   -0.0000
   -0.1260
   -0.2380
   -0.1800
   -0.6550
   -0.0000
    2.3000
   -1.2820
   -1.8210
    0.5000
    0.0000
   -1.2890
    0.0000

Potencia reativa (pu):

Q_calc_final =

   -1.3941
   -0.9462
   -3.3295
   -2.7673
   -0.2869
   -0.1390
   -1.1355
   -3.6281
   -0.0120
    0.0000
    0.0000
    0.0000
    0.0000
   -2.3500
    0.0000
   -0.9000
   -0.3800
   -1.7500
   -0.9500
    0.0000
    0.0000
   -0.2300
   -0.3400
   -2.5000
    0.0000
   -0.3900
   -0.2500
   -0.5800
   -2.0000
    0.0000
    0.0000
    0.0000
   -0.3400
   -0.3190
    0.0000
   -3.5000
   -1.6069
   -1.1110
   -1.1041
   -2.6203
   -1.8854
    0.0000
    0.0000
   -1.0400
    0.0000
    0.0000
    0.0000
   -1.0072
    0.0000
   -1.5000
    0.7699
    0.7608
    2.0630
   -1.9100
    0.0000
   -0.0420
   -0.0000
   -0.3600
   -0.1800
    0.0000
    0.0000
   -0.0000
    0.0000
   -0.0000
   -0.4582
    0.0576
    0.3436
   -0.1138
    0.0000
   -0.5900
    0.0000
   -0.5306
    0.0000
    0.0000
   -4.6910
    0.0000
   -0.5624
    0.0000
    0.0000
   -0.0200
    0.0000
    0.0000
    0.0000
   -4.2500
    0.0000
   -0.6300
   -1.2600
   -0.0710
   -0.0000
    0.0000
   -0.2219
   -0.2358
   -0.0000
   -0.1610
    0.0000
   -0.0120
   -0.0740
   -0.0640
   -0.1670
    0.0000
   -0.4969
   -0.4076
   -0.2975
   -0.2083
   -0.0000
   -0.3630
   -0.0000

Perdas de potencia ativa (pu):

perdas_P =

  (19,9)      -0.0012
  (10,11)     -0.1006
  (11,12)     -0.0409
  (11,13)     -0.0466
  (14,13)     -0.0514
  (17,13)     -0.0033
  (15,14)     -0.0021
  (18,16)     -0.0180
  (19,16)     -0.0060
  (22,16)     -0.1045
  (61,17)     -0.0611
  (21,20)     -0.0024
  (22,20)     -0.0327
  (22,21)     -0.0322
  (44,21)     -0.0013
  (22,23)     -0.1202
  (24,23)     -0.0913
  (10,25)     -0.0010
  (35,25)     -0.0443
  (42,25)     -0.0136
  (26,27)     -0.0013
  (28,27)     -0.0094
  (31,28)     -0.0007
  (28,29)     -0.0669
  (31,30)     -0.0203
  (32,34)     -0.0928
  (29,36)     -0.0013
  (30,36)     -0.0001
  (35,42)     -0.0888
  (42,45)     -0.0044
  (43,45)     -0.0023
  (25,46)     -0.0041
  (43,46)     -0.0012
  (21,47)     -0.0004
  (27,47)     -0.0098
  (44,47)     -0.0002
  (10,49)     -0.0063
  (46,49)     -0.0016
  (75,56)     -0.0420
  (54,61)      7.5553
  (69,61)     -0.3269
  (74,61)     -0.0051
  (62,63)     -0.0071
  (83,63)     -0.0519
  (57,64)     -0.0139
  (55,69)     -0.0061
  (60,69)     -0.1964
  (70,69)      0.1024
  (56,70)     -0.0577
  (72,71)      0.3544
  (69,73)     -0.0510
  (71,73)     -0.1999
  (81,73)     -0.0415
  (69,74)     -0.2803
  (71,74)     -0.0097
  (75,74)      0.0630
  (73,76)     -0.0656
  (77,76)      0.1412
  (79,76)     -0.0839
  (76,78)     -0.0271
  (84,78)     -0.1669
  (78,79)     -0.1351
  (72,80)     -0.0023
  (75,80)     -0.0113
  (79,81)     -0.0049
  (57,82)     -0.0191
  (64,82)     -0.0065
  (70,82)     -0.2279
  (60,83)     -0.0318
  (79,83)     -0.1706
  (12,85)     -0.0454
  (14,85)     -0.0125
  (57,87)     -0.0007
  (34,88)     -0.0504
  (90,89)     -0.0040
  (88,90)     -0.0320
  (90,93)     -0.0115
 (107,93)     -0.0075
 (102,94)     -0.0013
 (103,94)     -0.0150
  (93,95)     -0.0010
 (100,95)     -0.0199
  (95,96)     -0.0270
  (96,98)     -0.0169
  (97,98)     -0.0077
  (97,99)     -0.0056
 (105,106)    -0.0044

Perdas de potencia reativa (pu):

perdas_Q =

  (21,1)       0.0036
  (22,2)      -0.9968
  (25,3)      -0.7257
  (10,4)      -1.0986
 (100,5)      -0.1307
  (20,6)      -0.2005
  (31,7)      -1.3978
   (9,8)      -0.0941
  (19,9)      -0.5606
  (10,11)     -4.1504
  (11,12)     -2.9577
  (11,13)     -3.0031
  (14,13)     -3.7475
  (17,13)     -1.5689
  (15,14)     -2.2334
  (12,16)     -0.0521
  (18,16)     -0.9014
  (19,16)     -1.0563
  (22,16)     -1.7333
   (9,17)     -0.1079
  (61,17)     -5.5150
  (13,18)     -0.1626
  (21,20)     -0.2020
  (22,20)     -0.8718
  (22,21)     -1.0835
  (44,21)     -0.1421
  (22,23)     -2.3704
  (24,23)     -2.0526
  (15,24)     -0.0802
  (10,25)     -2.8061
  (35,25)     -4.4515
  (42,25)     -1.8468
  (10,26)     -0.0075
  (26,27)     -0.4505
  (28,27)     -1.2489
  (25,28)     -0.8728
  (31,28)     -0.4710
  (32,28)      6.3136
  (28,29)     -1.7491
  (31,30)     -1.6598
  (33,30)     -0.0305
  (32,34)     -1.2658
  (36,35)     -0.5331
  (29,36)     -0.8618
  (30,36)     -0.0776
  (42,37)     -0.6726
  (43,38)     -0.2641
  (45,39)     -0.3205
  (46,40)     -0.1104
  (47,41)     -2.6418
  (35,42)     -4.9763
  (43,44)     -0.1816
  (42,45)     -1.1479
  (43,45)     -1.3367
  (25,46)     -2.2135
  (43,46)     -4.5989
  (21,47)     -0.6197
  (27,47)     -0.3569
  (44,47)     -0.4766
  (49,48)     -0.6405
  (10,49)     -2.3121
  (46,49)     -1.2393
  (50,49)     -0.3623
  (55,51)     -5.0910
  (63,52)     -6.4072
  (60,53)     -1.4962
  (75,56)     -0.4077
  (57,58)     -0.0955
  (64,59)     -0.0635
  (54,61)     45.2322
  (69,61)     -7.3274
  (74,61)     -0.5244
  (87,62)      0.7372
  (62,63)     -0.8655
  (83,63)     -2.0479
  (57,64)     -0.2040
  (79,65)     -0.5457
  (81,66)     -0.9729
  (82,67)     -3.9054
  (83,68)     -4.7619
  (55,69)     -0.2305
  (60,69)     -3.2805
  (70,69)      3.9853
  (56,70)     -0.5126
  (72,71)     18.9124
  (69,73)     -3.2138
  (71,73)     -5.9803
  (81,73)     -1.2796
  (69,74)     -7.1250
  (71,74)     -2.0726
  (75,74)      2.3287
  (73,76)     -3.7861
  (77,76)      8.6253
  (79,76)     -5.2191
  (76,78)     -1.4435
  (84,78)     -5.6377
  (78,79)     -6.8215
  (72,80)     -0.1328
  (75,80)     -0.2277
  (79,81)     -1.2497
  (57,82)     -0.2499
  (64,82)     -0.0542
  (70,82)     -1.4432
  (60,83)     -1.2644
  (79,83)     -4.8989
  (12,85)     -2.5635
  (14,85)     -0.9655
  (85,86)     -0.1270
  (57,87)     -0.0229
  (34,88)     -1.0238
  (90,89)     -0.1811
  (88,90)     -0.9305
  (89,91)     -0.0607
  (93,92)     -0.0076
  (90,93)     -0.4322
 (107,93)     -1.1510
  (93,94)     -0.0340
 (102,94)     -0.1261
 (103,94)     -0.0444
  (93,95)     -0.2146
 (100,95)     -0.2562
  (95,96)     -0.3572
  (96,98)     -0.2776
  (97,98)     -0.1575
  (97,99)     -0.1736
  (94,101)    -0.2084
  (90,102)    -0.0720
 (105,104)    -0.0391
 (105,106)    -0.0337
 (107,106)    -0.0367

>> 